7576
7576
7556
7582
7587
7586
7587
7558
7575
7584
7575
7584
7577
7555
7584
7583
7564
7585
7583
7566
7582
7584
7583
7570
7574
7569
7561
7581
7561
7585
7586
7584
7579
7578
7582
7586
7577
7584
7587
7585
7576
7586
7571
7582
7585
7580
7577
7541
7579
7587
7578
7578
7567
7580
7583
7587
7579
7572
7569
7572
7587
7529
7578
7586
7580
7584
7577
7556
7584
7576
7580
7586
7584
7568
7573
7579
7578
7583
7563
7585
7568
7581
7584
7586
7582
7557
7560
7581
7585
7550
7579
7581
7564
7587
7575
7582
7587
7583
7582
7584
