1399
1399
1392
1379
1399
1398
1398
1397
1399
1399
1399
1399
1399
1399
1399
1384
1398
1399
1399
1399
1399
1399
1392
1399
1398
1397
1397
1398
1377
1399
1399
1399
1399
1399
1399
1399
1389
1396
1395
1382
1399
1399
1399
1361
1399
1398
1399
1399
1398
1399
1399
1399
1398
1396
1398
1397
1399
1398
1397
1396
1399
1399
1399
1398
1397
1399
1399
1399
1398
1398
1398
1399
1399
1399
1399
1399
1399
1399
1399
1399
1399
1399
1399
1397
1399
1399
1398
1399
1399
1399
1399
1399
1399
1399
1399
1399
1399
1399
1399
1399
