2201
2206
2206
2206
2205
2197
2205
2205
2206
2206
2175
2206
2186
2200
2191
2191
2206
2197
2206
2206
2205
2204
2206
2206
2178
2206
2203
2206
2205
2206
2202
2204
2188
2205
2206
2205
2206
2206
2205
2188
2205
2202
2206
2205
2206
2206
2205
2205
2206
2206
2123
2205
2205
2189
2206
2204
2204
2205
2203
2206
2206
2205
2204
2206
2201
2201
2171
2206
2204
2197
2206
2206
2205
2192
2203
2203
2206
2203
2204
2203
2206
2206
2201
2204
2203
2154
2195
2199
2204
2189
2204
2200
2205
2205
2206
2206
2205
2205
2204
2201
