   6.3000000e+01   4.5000000e+02
   6.4000000e+01   3.5800000e+02
   6.5000000e+01   2.9000000e+02
   6.6000000e+01   2.7800000e+02
   6.9000000e+01   2.3300000e+02
   7.0000000e+01   2.2100000e+02
   7.1000000e+01   2.1800000e+02
   7.2000000e+01   1.8700000e+02
   7.3000000e+01   1.9200000e+02
   7.6000000e+01   1.7700000e+02
   7.7000000e+01   1.7500000e+02
   7.8000000e+01   1.6100000e+02
   7.9000000e+01   1.2700000e+02
   8.0000000e+01   1.3600000e+02
   8.4000000e+01   1.0000000e+02
   8.5000000e+01   9.3000000e+01
   8.6000000e+01   9.1000000e+01
   8.7000000e+01   7.8000000e+01
   9.0000000e+01   8.2000000e+01
   9.1000000e+01   7.9000000e+01
   9.2000000e+01   7.2000000e+01
   9.3000000e+01   6.9000000e+01
   9.4000000e+01   6.2000000e+01
   9.7000000e+01   7.9000000e+01
   1.0000000e+02   1.0200000e+02
   1.0100000e+02   1.1000000e+02
   1.0400000e+02   1.0200000e+02
   1.0500000e+02   9.8000000e+01
   1.0600000e+02   8.7000000e+01
   1.0700000e+02   9.1000000e+01
   1.1100000e+02   7.2000000e+01
   1.1200000e+02   6.7000000e+01
   1.1300000e+02   5.9000000e+01
   1.1400000e+02   6.3000000e+01
   1.1500000e+02   6.2000000e+01
   1.1800000e+02   5.9000000e+01
   1.1900000e+02   5.5000000e+01
   1.2000000e+02   5.4000000e+01
   1.2100000e+02   5.4000000e+01
   1.2500000e+02   7.3000000e+01
   1.2600000e+02   7.4000000e+01
   1.2700000e+02   7.4000000e+01
   1.2800000e+02   8.1000000e+01
   1.2900000e+02   7.4000000e+01
   1.3200000e+02   6.0000000e+01
   1.3300000e+02   5.6000000e+01
   1.3400000e+02   5.6000000e+01
   1.3500000e+02   5.6000000e+01
   1.3600000e+02   5.8000000e+01
   1.3900000e+02   3.8000000e+01
   1.4000000e+02   3.7000000e+01
