0 1 
17 223 
22 234 
23 264 
24 284 
27 346 
28 378 
30 527 
34 659 
35 755 
36 870 
37 1022 
41 1200 
42 1287 
43 1317 
44 1422 
45 1511 
48 1700 
49 1798 
50 1861 
51 1915 
55 2126 
56 2149 
57 2185 
58 2214 
59 2238 
63 2714 
64 2662 
65 2686 
66 2705 
69 2745 
70 2760 
71 2785 
72 2788 
73 2814 
76 2832 
77 2844 
78 2852 
79 2818 
80 2844 
84 2868 
85 2885 
86 2896 
87 2870 
90 2887 
91 2888 
92 2891 
93 2895 
94 2901 
97 2934 
100 2935 
101 2939 
104 2977 
105 2986 
106 2988 
107 2992 
111 3004 
112 3007 
113 3008 
114 3015 
115 3016 
118 3038 
119 3042 
120 3046 
121 3047 
125 3076 
126 3083 
127 3086 
128 3093 
129 3093 
132 3105 
133 3107 
134 3110 
135 3110 
136 3113 
139 3118 
140 3122 
